ZCZC
TTCC 66112 89611
70668 80358 25557 50856 83957 26066 30137 85157 27068 20362
82957 26585 10758 /////
88999
77104 27590 421//
31313 44208 81115
NNNN
ZCZC
TTDD 6611/ 89611
11308 85756 22175 82357 33103 71160
21212 11413 26575 22349 26564 33297 27068 44281 27082 55218
26574 66167 27089 77150 27074 88133 26588 99111 27075 11104
27590 22103 27589
31313 44208 81115
NNNN
ZCZC
TTCC 66112 94299
70869 74764 26004 50071 61977 31007 30392 57980 06510 20651
53781 07024
88910 81947 07516
77999
NNNN
ZCZC
TTDD 6611/ 94299
11910 81947 22851 77359 33792 78159 44737 74763 55676 75764
66549 61177 77533 60777 88500 61977 99398 57380 11325 59778
22276 55581 33246 57580 44232 51584 55220 50583 66179 56780
77156 52182
21212 11925 09517 22877 02011 33829 33511 44802 26010 55756
17010 66737 00000 77714 28510 88668 06510 99636 31015 11626
29015 22610 28520 33591 29512 44575 28012 55570 26010 66545
10001 77461 32016 88447 30013 99429 26502 11408 33510 22397
29510 33349 14001 44300 07010 55290 04015 66285 04513 77277
10012 88263 10023 99250 08516 11244 10512 22234 08011 33224
09015 44210 06027 55198 07524 66182 05526 77173 06516 88169
09012 99167 10514 11163 10516 22156 14020
31313 44208 81115
NNNN
